12803
12601
12639
12710
12870
12886
12966
13092
13246
13304
13358
13475
13398
13596
13487
13539
13521
13461
13502
13372
13416
13755
13754
13627
13656
13875
13911
13867
13773
14059
14322
14685
14649
14709
14878
14885
14915
14963
14921
15021
15215
15333
15249
15227
15194
15007
14981
15246
15479
15457
15951
16252
16488
16352
16075
16066
16088
16360
16602
16759
16938
16984
16969
16613
16367
16378
16396
16682
16757
16711
16638
16536
16225
16054
15703
15798
16057
15933
16087
15851
15812
15948
16014
16399
16394
16309
16529
17115
17186
17070
17704
18135
18339
18632
18992
20095
19358
20214
20819
19907
20242
20885
20905
20574
21327
21412
21906
22124
21931
21615
20652
21618
22628
21928
20686
20878
21336
20033
19245
18950
19130
19068
19813
20856
20930
20733
21438
21182
21272
21659
22009
22464
23073
23885
23968
22581
21810
21777
22196
23073
23214
22714
23472
23994
24889
25256
25679
25518
27011
27050
26745
26552
27161
28656
29349
29046
28470
29049
29617
29979
29195
29945
31005
33399
35937
35631
33326
33154
34375
34294
34126
35930
36159
36061
37064
37800
34830
32525
33499
34970
34244
35097
35999
36495
38101
37139
36996
37086
38366
38766
42074
41771
42504
42579
43192
43240
44222
46199
46796
45614
45556
39899
32068
27917
28731
29958
28792
28817
30311
32892
32744
34575
34740
34491
36677
37143
37284
37065
37227
37159
36280
35308
35477
35980
37243
38301
39103
40720
41384
42051
43555
44035
44458
44060
44511
44655
44604
44288
44870
44132
44821
46310
46517
45739
44733
43186
43404
46003
46856
47934
45785
45031
