4110778369
4034193153
3957285013
3880128255
3802824481
3725502442
3648252270
3571272167
3494944744
3419420251
3344752515
3271397980
3199013076
3127242628
3056838839
2987784981
2919962139
2856131072
2796899752
2738816645
2681474069
2624604780
2568062984
2511550590
2455122105
2398603088
2342005025
2285030904
2228072592
2171095781
2113397101
2057664889
2003049795
1950270079
1899031963
1849348541
1799434641
1749539272
1701580342
1655041860
1612295726
1573369827
1534721238
1497305961
1458374024
1420942101
1385012179
1350280789
1315767607
1281733884
1248237530
1215547996
1183910279
1153189281
1118019327
1083929179
1051050417
1019494911
988354428
957944323
928399446
899872076
872133969
845285369
819422184
794486369
770386513
