76094000
77584000
79163000
80632000
82166000
83822000
85450000
87008000
88710000
90490000
92407000
93863000
95335000
97225000
99111000
100546000
101961000
103268000
104514000
106461000
108538000
110049000
111947000
114109000
115829000
117397000
119035000
120509000
121767000
123076741
124039648
124840471
125578763
126373773
127250232
128053180
128824829
129824939
130879718
132122446
133402471
134859553
136739353
138397345
139928165
141388566
144126071
146631302
149188130
152271417
154877889
157552740
160184192
163025854
165931202
168903031
171984130
174881904
177829628
180671158
183691481
186537737
189241798
191888791
194302963
196560338
198712056
200706052
202676946
205052174
207660677
209896021
211908788
213853928
215973199
218035164
220239425
222584545
225055487
227224681
229465714
231664458
233791994
235824902
237923795
240132887
242288918
244498982
246819230
249464396
252153092
255029699
257782608
260327021
262803276
265228572
267783607
270248003
272690813 